__spining_cat_frame_000() {
 printf '%b' '[?25l[0m                                        [0m
                                        [0m
                                        [0m
                 [38;2;102;89;84;48;2;17;13;11m▐[0m[38;2;112;99;94m▆[38;2;82;71;66m▃[38;2;60;53;50m▃[38;2;45;41;41m▃[38;2;42;39;41m▃[38;2;44;40;42m▃[38;2;57;50;47m▃[38;2;55;47;46m▃[38;2;76;66;62m▅[38;2;45;38;35m▆[0m            [0m
          [38;2;65;56;54m▂[38;2;73;64;62m▅[38;2;68;61;61m▆[7m[38;2;57;51;52m▔[0m[38;2;56;51;53;48;2;4;2;1m▆[0m[7m[38;2;52;47;50m▀[0m[38;2;31;27;29m▃[7m[38;2;67;57;53m▘[0m[38;2;96;82;75;48;2;116;101;95m▂[38;2;97;84;78;48;2;108;94;88m▐[38;2;93;81;76;48;2;82;71;67m▂[38;2;87;76;73;48;2;72;63;61m▁[38;2;74;64;62;48;2;67;59;59m▂[38;2;70;62;61;48;2;59;51;50m▀[38;2;78;69;66;48;2;64;55;54m▔[38;2;64;55;54;48;2;80;70;67m▂[38;2;59;51;48;48;2;84;73;69m▗[0m[7m[38;2;26;21;20m▐[0m            [0m
         [7m[38;2;48;43;44m▘[0m[38;2;57;52;56;48;2;79;71;72m▅[38;2;58;53;56;48;2;69;63;67m▅[38;2;71;65;69;48;2;65;60;64m▗[38;2;78;71;75;48;2;70;64;68m▁[38;2;74;67;72;48;2;65;59;63m▃[38;2;76;69;73;48;2;59;55;59m▅[38;2;74;67;69;48;2;94;82;79m▘[38;2;79;66;62;48;2;92;78;73m▂[38;2;123;109;103;48;2;91;78;72m▂[38;2;96;83;78;48;2;59;52;52m▀[38;2;67;58;57;48;2;99;86;81m▃[38;2;87;75;70;48;2;126;111;105m▐[38;2;84;72;68;48;2;107;93;88m▊[38;2;70;61;59;48;2;109;96;91m▐[38;2;46;40;42;48;2;78;68;65m▃[38;2;83;73;71;48;2;69;60;57m▁[38;2;54;46;45;48;2;68;59;56m▔[0m[38;2;25;20;18m▋[0m            [0m
        [7m[38;2;21;17;17m▊[0m[38;2;54;49;54;48;2;57;52;55m▝[38;2;74;67;68;48;2;58;53;56m▗[38;2;72;64;66;48;2;61;55;59m▆[38;2;71;65;69;48;2;63;55;57m▀[38;2;67;59;58;48;2;73;67;70m▃[38;2;62;54;52;48;2;70;63;67m▆[38;2;76;69;72;48;2;65;57;56m▔[38;2;98;85;80;48;2;83;71;67m▝[38;2;90;76;71;48;2;123;104;95m▔[38;2;105;88;80;48;2;133;113;103m▀[38;2;141;121;110;48;2;109;93;85m▂[38;2;122;101;91;48;2;96;80;74m▂[38;2;104;85;76;48;2;126;110;103m▆[38;2;104;85;77;48;2;121;105;98m▆[38;2;111;91;82;48;2;86;73;68m▂[38;2;119;99;90;48;2;81;69;65m▂[38;2;112;95;87;48;2;82;70;67m▃[38;2;91;77;71;48;2;66;56;53m▆[0m[38;2;38;32;28m▊[0m            [0m
        [7m[38;2;8;4;3m▊[0m[38;2;27;23;22;48;2;67;59;58m▎[38;2;69;59;57;48;2;75;68;67m▗[38;2;64;56;54;48;2;58;49;49m▍[38;2;67;59;58;48;2;59;50;49m▐[38;2;66;58;58;48;2;59;51;51m▎[38;2;59;50;49;48;2;61;52;51m▁[38;2;71;62;60;48;2;63;54;53m▗[38;2;64;55;53;48;2;75;65;61m▀[38;2;98;82;76;48;2;75;64;60m▝[38;2;78;66;61;48;2;138;118;108m▅[38;2;95;81;75;48;2;157;139;127m▃[38;2;122;106;98;48;2;154;135;124m▁[38;2;129;111;101;48;2;158;139;128m▔[38;2;145;125;115;48;2;156;137;126m▔[38;2;145;126;115;48;2;127;105;96m▆[38;2;91;78;72;48;2;139;119;109m▂[38;2;115;96;87;48;2;77;64;59m▀[38;2;76;65;61;48;2;100;85;78m▆[0m[38;2;34;29;26m▊[0m            [0m
         [7m[38;2;37;32;30m▖[0m[38;2;66;57;55;48;2;75;65;62m▕[38;2;64;56;53;48;2;58;50;48m▍[38;2;62;53;52;48;2;59;50;49m▝[38;2;62;53;51;48;2;53;46;45m▊[38;2;60;52;51;48;2;48;41;42m▝[38;2;71;61;59;48;2;62;54;51m▝[38;2;73;63;59;48;2;79;69;65m▍[38;2;82;70;65;48;2;87;75;69m▋[38;2;92;79;74;48;2;72;61;57m▆[38;2;101;87;82;48;2;59;49;45m▅[38;2;112;97;91;48;2;84;71;65m▃[38;2;90;77;72;48;2;139;124;115m▆[38;2;100;86;80;48;2;144;126;117m▆[38;2;102;87;81;48;2;78;66;62m▃[38;2;57;48;46;48;2;92;79;74m▀[38;2;87;75;70;48;2;61;52;48m▅[38;2;33;28;25;48;2;66;57;53m▁[0m[38;2;25;21;18m▘[0m            [0m
         [7m[38;2;7;4;3m▊[0m[38;2;26;21;20;48;2;106;93;88m▎[38;2;22;18;17;48;2;63;54;51m▕[0m[7m[38;2;41;34;33m▃[38;2;48;41;39m▂[0m[38;2;41;34;34;48;2;55;47;46m▖[38;2;76;66;63;48;2;62;53;50m▅[38;2;88;77;72;48;2;66;57;53m▅[38;2;111;97;91;48;2;86;74;69m▃[38;2;110;96;90;48;2;76;65;61m▀[38;2;89;76;70;48;2;102;87;81m▂[38;2;118;102;94;48;2;96;82;76m▃[38;2;117;102;95;48;2;109;93;87m▞[38;2;117;101;95;48;2;107;91;85m▘[38;2;107;92;85;48;2;95;80;74m▖[38;2;83;71;66;48;2;96;83;77m▅[38;2;92;80;75;48;2;76;66;62m▋[0m[38;2;33;28;25m▊[0m             [0m
         [38;2;18;14;13m▔[7m[38;2;77;68;64m▅[38;2;32;27;25m▅[0m  [38;2;45;41;36m▝[38;2;18;16;13;48;2;72;63;58m▁[38;2;90;78;73;48;2;81;69;65m▐[38;2;89;76;72;48;2;109;95;89m▀[38;2;45;38;35;48;2;92;79;75m▗[0m[7m[38;2;56;47;43m▃[0m[38;2;85;72;66m▀[38;2;87;74;67m▀[38;2;88;74;67m▀[38;2;25;22;18;48;2;84;71;66m▖[38;2;96;82;78;48;2;69;58;55m▅[38;2;7;5;3;48;2;60;54;48m▗[0m[38;2;6;5;3m▘[0m             [0m
                [38;2;92;78;73;48;2;28;24;21m▐[38;2;75;64;59;48;2;97;83;78m▗[38;2;84;72;67;48;2;10;7;6m▋[0m    [38;2;6;3;2;48;2;48;41;37m▖[38;2;61;52;47;48;2;87;74;68m▃[38;2;22;19;17;48;2;75;65;60m▐[0m              [0m
                [7m[38;2;14;11;10m▅[0m[38;2;111;99;93m▝[7m[38;2;47;41;38m▃[0m     [7m[38;2;14;11;9m▆[38;2;45;39;36m▆[0m              [0m
                                        [0m
                                        [0m
[?25h'
}
__spining_cat_frame_001() {
 printf '%b' '[?25l[0m                                        [0m
                                        [0m
                                        [0m
                 [38;2;102;89;84;48;2;17;13;11m▐[0m[38;2;112;99;94m▆[38;2;82;71;66m▃[38;2;60;53;50m▃[38;2;45;41;41m▃[38;2;42;39;41m▃[38;2;44;40;42m▃[38;2;57;50;47m▃[38;2;55;47;46m▃[38;2;76;66;62m▅[38;2;45;38;35m▆[0m            [0m
          [38;2;65;56;54m▂[38;2;73;64;62m▅[38;2;68;61;61m▆[7m[38;2;57;51;52m▔[0m[38;2;56;51;53;48;2;4;2;1m▆[0m[7m[38;2;52;47;50m▀[0m[38;2;31;27;29m▃[7m[38;2;67;57;53m▘[0m[38;2;96;82;75;48;2;116;101;95m▂[38;2;97;84;78;48;2;108;94;88m▐[38;2;93;81;76;48;2;82;71;67m▂[38;2;87;76;73;48;2;72;63;61m▁[38;2;74;64;62;48;2;67;59;59m▂[38;2;70;62;61;48;2;59;51;50m▀[38;2;78;69;66;48;2;64;55;54m▔[38;2;64;55;54;48;2;80;70;67m▂[38;2;59;51;48;48;2;84;73;69m▗[0m[7m[38;2;26;21;20m▐[0m            [0m
         [7m[38;2;48;43;44m▘[0m[38;2;57;52;56;48;2;79;71;72m▅[38;2;58;53;56;48;2;69;63;67m▅[38;2;71;65;69;48;2;65;60;64m▗[38;2;78;71;75;48;2;70;64;68m▁[38;2;74;67;72;48;2;65;59;63m▃[38;2;76;69;73;48;2;59;55;59m▅[38;2;74;67;69;48;2;94;82;79m▘[38;2;79;66;62;48;2;92;78;73m▂[38;2;123;109;103;48;2;91;78;72m▂[38;2;96;83;78;48;2;59;52;52m▀[38;2;67;58;57;48;2;99;86;81m▃[38;2;87;75;70;48;2;126;111;105m▐[38;2;84;72;68;48;2;107;93;88m▊[38;2;70;61;59;48;2;109;96;91m▐[38;2;46;40;42;48;2;78;68;65m▃[38;2;83;73;71;48;2;69;60;57m▁[38;2;54;46;45;48;2;68;59;56m▔[0m[38;2;25;20;18m▋[0m            [0m
        [7m[38;2;21;17;17m▊[0m[38;2;54;49;54;48;2;57;52;55m▝[38;2;74;67;68;48;2;58;53;56m▗[38;2;72;64;66;48;2;61;55;59m▆[38;2;71;65;69;48;2;63;55;57m▀[38;2;67;59;58;48;2;73;67;70m▃[38;2;62;54;52;48;2;70;63;67m▆[38;2;76;69;72;48;2;65;57;56m▔[38;2;98;85;80;48;2;83;71;67m▝[38;2;90;76;71;48;2;123;104;95m▔[38;2;105;88;80;48;2;133;113;103m▀[38;2;141;121;110;48;2;109;93;85m▂[38;2;122;101;91;48;2;96;80;74m▂[38;2;104;85;76;48;2;126;110;103m▆[38;2;104;85;77;48;2;121;105;98m▆[38;2;111;91;82;48;2;86;73;68m▂[38;2;119;99;90;48;2;81;69;65m▂[38;2;112;95;87;48;2;82;70;67m▃[38;2;91;77;71;48;2;66;56;53m▆[0m[38;2;38;32;28m▊[0m            [0m
        [7m[38;2;8;4;3m▊[0m[38;2;27;23;22;48;2;67;59;58m▎[38;2;69;59;57;48;2;75;68;67m▗[38;2;64;56;54;48;2;58;49;49m▍[38;2;67;59;58;48;2;59;50;49m▐[38;2;66;58;58;48;2;59;51;51m▎[38;2;59;50;49;48;2;61;52;51m▁[38;2;71;62;60;48;2;63;54;53m▗[38;2;64;55;53;48;2;75;65;61m▀[38;2;98;82;76;48;2;75;64;60m▝[38;2;78;66;61;48;2;138;118;108m▅[38;2;95;81;75;48;2;157;139;127m▃[38;2;122;106;98;48;2;154;135;124m▁[38;2;129;111;101;48;2;158;139;128m▔[38;2;145;125;115;48;2;156;137;126m▔[38;2;145;126;115;48;2;127;105;96m▆[38;2;91;78;72;48;2;139;119;109m▂[38;2;115;96;87;48;2;77;64;59m▀[38;2;76;65;61;48;2;100;85;78m▆[0m[38;2;34;29;26m▊[0m            [0m
         [7m[38;2;37;32;30m▖[0m[38;2;66;57;55;48;2;75;65;62m▕[38;2;64;56;53;48;2;58;50;48m▍[38;2;62;53;52;48;2;59;50;49m▝[38;2;62;53;51;48;2;53;46;45m▊[38;2;60;52;51;48;2;48;41;42m▝[38;2;71;61;59;48;2;62;54;51m▝[38;2;73;63;59;48;2;79;69;65m▍[38;2;82;70;65;48;2;87;75;69m▋[38;2;92;79;74;48;2;72;61;57m▆[38;2;101;87;82;48;2;59;49;45m▅[38;2;112;97;91;48;2;84;71;65m▃[38;2;90;77;72;48;2;139;124;115m▆[38;2;100;86;80;48;2;144;126;117m▆[38;2;102;87;81;48;2;78;66;62m▃[38;2;57;48;46;48;2;92;79;74m▀[38;2;87;75;70;48;2;61;52;48m▅[38;2;33;28;25;48;2;66;57;53m▁[0m[38;2;25;21;18m▘[0m            [0m
         [7m[38;2;7;4;3m▊[0m[38;2;26;21;20;48;2;106;93;88m▎[38;2;22;18;17;48;2;63;54;51m▕[0m[7m[38;2;41;34;33m▃[38;2;48;41;39m▂[0m[38;2;41;34;34;48;2;55;47;46m▖[38;2;76;66;63;48;2;62;53;50m▅[38;2;88;77;72;48;2;66;57;53m▅[38;2;111;97;91;48;2;86;74;69m▃[38;2;110;96;90;48;2;76;65;61m▀[38;2;89;76;70;48;2;102;87;81m▂[38;2;118;102;94;48;2;96;82;76m▃[38;2;117;102;95;48;2;109;93;87m▞[38;2;117;101;95;48;2;107;91;85m▘[38;2;107;92;85;48;2;95;80;74m▖[38;2;83;71;66;48;2;96;83;77m▅[38;2;92;80;75;48;2;76;66;62m▋[0m[38;2;33;28;25m▊[0m             [0m
         [38;2;18;14;13m▔[7m[38;2;77;68;64m▅[38;2;32;27;25m▅[0m  [38;2;45;41;36m▝[38;2;18;16;13;48;2;72;63;58m▁[38;2;90;78;73;48;2;81;69;65m▐[38;2;89;76;72;48;2;109;95;89m▀[38;2;45;38;35;48;2;92;79;75m▗[0m[7m[38;2;56;47;43m▃[0m[38;2;85;72;66m▀[38;2;87;74;67m▀[38;2;88;74;67m▀[38;2;25;22;18;48;2;84;71;66m▖[38;2;96;82;78;48;2;69;58;55m▅[38;2;7;5;3;48;2;60;54;48m▗[0m[38;2;6;5;3m▘[0m             [0m
                [38;2;92;78;73;48;2;28;24;21m▐[38;2;75;64;59;48;2;97;83;78m▗[38;2;84;72;67;48;2;10;7;6m▋[0m    [38;2;6;3;2;48;2;48;41;37m▖[38;2;61;52;47;48;2;87;74;68m▃[38;2;22;19;17;48;2;75;65;60m▐[0m              [0m
                [7m[38;2;14;11;10m▅[0m[38;2;111;99;93m▝[7m[38;2;47;41;38m▃[0m     [7m[38;2;14;11;9m▆[38;2;45;39;36m▆[0m              [0m
                                        [0m
                                        [0m
[?25h'
}
__spining_cat_frame_002() {
 printf '%b' '[?25l[0m                                        [0m
                                        [0m
                                        [0m
                    [38;2;0;0;0m▁[0m    [38;2;4;9;2m▁[38;2;5;9;3m▁[0m             [0m
           [38;2;5;6;2m▁[38;2;20;21;14m▂[38;2;27;29;17m▃[38;2;28;30;15m▃[7m[38;2;20;20;11m▀[38;2;10;11;6m▀[0m[38;2;1;1;1m▃▁[38;2;4;4;3m▂[38;2;5;5;4;48;2;1;1;1m▂[38;2;0;0;0;48;2;7;7;6m▔[38;2;24;24;15;48;2;1;1;1m▅[0m[38;2;35;37;24m▆[38;2;50;49;38m▆[38;2;63;61;47;48;2;6;14;3m▆[38;2;74;71;54;48;2;16;37;9m▆[38;2;92;85;65;48;2;13;16;10m▅[0m[38;2;60;58;40m▅[38;2;22;22;12m▖[0m          [0m
         [38;2;8;9;5m▃[38;2;1;1;0;48;2;27;27;15m▔[38;2;27;31;16;48;2;49;48;32m▔[38;2;62;60;40;48;2;45;46;30m▆[38;2;70;66;43;48;2;51;51;35m▆[38;2;77;72;46;48;2;56;54;38m▆[38;2;79;73;44;48;2;58;54;33m▃[38;2;73;68;40;48;2;48;45;28m▃[38;2;75;70;45;48;2;35;33;24m▅[38;2;62;58;34;48;2;27;26;18m▆[38;2;52;49;27;48;2;28;28;18m▆[38;2;49;46;30;48;2;23;23;13m▅[38;2;37;34;23;48;2;9;7;5m▃[38;2;9;9;5;48;2;25;24;12m▘[38;2;26;25;8;48;2;48;47;26m▂[38;2;41;39;17;48;2;71;67;42m▂[38;2;60;57;33;48;2;96;87;60m▂[38;2;67;63;37;48;2;102;93;64m▂[38;2;71;66;38;48;2;96;88;59m▂[38;2;90;83;56;48;2;67;63;35m▘[38;2;47;48;24;48;2;2;4;1m▋[0m          [0m
        [7m[38;2;12;12;8m▊[0m[38;2;9;7;5;48;2;17;15;11m▐[38;2;23;22;12;48;2;7;6;4m▝[38;2;35;33;16;48;2;46;44;24m▃[38;2;44;41;17;48;2;56;52;27m▃[38;2;48;44;20;48;2;68;63;37m▂[38;2;55;49;24;48;2;84;77;48m▁[38;2;63;58;32;48;2;94;86;56m▁[38;2;65;60;33;48;2;93;85;54m▁[38;2;80;74;45;48;2;100;90;58m▂[38;2;82;75;45;48;2;97;88;56m▂[38;2;92;83;52;48;2;68;61;32m▆[38;2;84;77;48;48;2;68;64;38m▆[38;2;56;53;30;48;2;72;67;40m▝[38;2;65;59;31;48;2;37;34;16m▂[38;2;53;48;23;48;2;26;23;6m▂[38;2;54;50;26;48;2;24;21;5m▂[38;2;43;41;19;48;2;25;23;7m▂[38;2;42;39;15;48;2;33;30;10m▂[38;2;2;2;1;48;2;39;35;15m▗[0m[7m[38;2;30;29;17m▅[0m[38;2;1;2;1m▔[0m          [0m
        [38;2;3;3;2m▕[38;2;3;2;2;48;2;6;5;4m▞[38;2;4;4;2;48;2;3;2;2m▁[38;2;26;24;11;48;2;5;4;3m▀[38;2;3;2;2;48;2;34;32;14m▃[38;2;8;7;3;48;2;36;34;13m▃[38;2;17;16;6;48;2;36;33;11m▃[38;2;20;18;5m▃[38;2;46;41;16;48;2;28;26;8m▀[38;2;62;57;30;48;2;35;33;11m▀[38;2;62;57;29;48;2;40;37;13m▀[38;2;74;67;37;48;2;49;44;18m▀[38;2;68;61;33;48;2;92;83;52m▅[38;2;75;68;38;48;2;85;78;47m▃[38;2;79;71;40;48;2;83;75;44m▂[38;2;85;77;46;48;2;76;69;40m▆[38;2;79;72;43;48;2;98;86;54m▔[38;2;112;98;64;48;2;80;72;43m▆[38;2;78;68;38;48;2;47;41;19m▊[0m[7m[38;2;6;6;3m▐[0m            [0m
         [38;2;1;1;1m▔[7m[38;2;5;5;3m▅▃[38;2;9;9;5m▃[38;2;10;9;6m▂[38;2;6;5;3m▁▁▁[0m[38;2;1;2;1;48;2;17;15;6m▁[38;2;11;11;5;48;2;35;33;12m▂[48;2;39;36;13m▁[38;2;38;35;13;48;2;62;57;30m▆[38;2;38;35;12;48;2;67;61;32m▅[38;2;70;62;33;48;2;41;37;14m▀[38;2;72;65;35;48;2;44;40;18m▀[38;2;26;23;11;48;2;73;65;35m▂[38;2;2;2;1;48;2;69;61;33m▂[0m[38;2;36;33;19m▀[0m             [0m
                   [38;2;1;2;1m▔[7m[38;2;3;3;2m▆[38;2;3;3;1m▆[38;2;2;2;1m▆[38;2;2;3;1m▆[0m[38;2;1;1;1m▔[0m               [0m
                                        [0m
                                        [0m
                                        [0m
                                        [0m
                                        [0m
[?25h'
}
__spining_cat_frame_003() {
 printf '%b' '[?25l[0m                                        [0m
                                        [0m
                                        [0m
                                        [0m
                     [38;2;8;4;8m▗[7m[38;2;9;6;10m▀[38;2;10;9;9m▀[0m[38;2;24;27;17m▂[38;2;29;29;17m▃[0m              [0m
         [38;2;8;5;8m▂[38;2;8;7;8m▅[38;2;15;17;10m▅[38;2;28;30;19;48;2;6;6;5m▃[38;2;44;43;31;48;2;12;10;10m▃[38;2;15;12;13;48;2;48;48;36m▀[38;2;11;9;9;48;2;47;47;36m▀[38;2;8;7;6;48;2;44;44;30m▀[38;2;6;6;5;48;2;42;42;29m▀[0m[38;2;46;45;29m▅[38;2;41;40;24m▅[38;2;43;41;25m▅[38;2;48;46;30;48;2;13;11;11m▆[38;2;12;9;11;48;2;44;42;28m▔[38;2;32;32;19;48;2;12;10;9m▂[38;2;10;8;7;48;2;28;27;15m▊[38;2;39;37;18;48;2;54;51;30m▂[38;2;18;17;11;48;2;61;56;34m▔[0m[38;2;23;20;15m▖[0m            [0m
       [38;2;5;3;5m▗[7m[38;2;9;6;9m▘[0m[38;2;8;7;7;48;2;7;5;6m▘[38;2;29;28;17;48;2;10;8;8m▗[38;2;15;15;10;48;2;35;36;23m▘[38;2;54;55;37;48;2;47;46;31m▐[38;2;57;57;45;48;2;67;66;49m▔[38;2;65;66;46;48;2;73;71;57m▂[38;2;68;68;52;48;2;61;62;44m▘[38;2;53;51;32;48;2;57;58;40m▂[38;2;58;56;35;48;2;58;58;40m▅[38;2;64;63;41;48;2;62;59;34m▀[38;2;62;58;34;48;2;63;61;39m▃[38;2;82;77;49;48;2;66;62;38m▗[38;2;83;78;50;48;2;66;64;41m▅[38;2;80;75;47;48;2;66;64;42m▅[38;2;57;54;32;48;2;73;68;40m▀[38;2;17;14;12;48;2;50;45;23m▐[0m[7m[38;2;15;15;7m▅[38;2;17;19;8m▆[0m             [0m
      [38;2;6;4;7m▗[48;2;15;12;12m▘[38;2;10;8;6;48;2;17;15;9m▊[38;2;13;11;9;48;2;24;23;14m▔[38;2;26;24;12;48;2;36;34;16m▘[38;2;43;41;21;48;2;38;36;16m▝[38;2;39;37;16;48;2;46;44;26m▅[38;2;43;41;19;48;2;51;49;32m▆[38;2;55;55;37;48;2;47;44;22m▔[38;2;42;40;16;48;2;51;48;25m▂[38;2;43;41;17;48;2;52;47;23m▃[38;2;44;42;19;48;2;54;50;25m▅[38;2;56;51;26;48;2;41;39;17m▀[38;2;67;61;35;48;2;48;45;20m▀[38;2;76;69;39;48;2;50;44;17m▀[38;2;81;73;43;48;2;47;41;15m▀[38;2;75;68;38;48;2;46;41;15m▀[38;2;72;62;32;48;2;51;45;18m▀[38;2;39;34;22;48;2;73;63;32m▝[0m[38;2;12;11;9m▍[0m              [0m
      [38;2;7;4;7m▝[38;2;5;3;5;48;2;15;12;11m▖[38;2;14;14;6;48;2;26;24;14m▃[38;2;17;16;6;48;2;29;28;11m▃[38;2;35;33;14;48;2;18;18;6m▀[38;2;35;33;13;48;2;17;16;5m▀[38;2;9;9;4;48;2;26;25;9m▃[38;2;34;32;12;48;2;12;11;5m▀[38;2;35;34;12;48;2;25;24;11m▀[38;2;30;29;11;48;2;35;34;13m▅[38;2;26;25;9;48;2;35;34;12m▅[38;2;25;24;8;48;2;35;34;13m▅[38;2;31;30;13;48;2;10;9;4m▀[38;2;34;33;14;48;2;8;6;4m▀[38;2;19;18;7;48;2;37;35;13m▅[38;2;6;5;4;48;2;28;27;9m▁[0m[7m[38;2;31;29;11m▂[38;2;35;32;14m▃[0m[38;2;34;29;14m▀[0m               [0m
        [7m[38;2;6;6;5m▆[38;2;9;11;6m▅[0m[38;2;9;10;5m▀[7m[38;2;8;7;5m▃[38;2;7;8;5m▂[38;2;11;11;8m▁[38;2;15;14;10m▁[38;2;13;11;7m▁[38;2;12;12;6m▂[38;2;14;14;6m▃[0m[38;2;13;12;6m▀[7m[38;2;8;7;4m▅[0m[38;2;7;4;6m▔[0m                   [0m
                                        [0m
                                        [0m
                                        [0m
                                        [0m
                                        [0m
[?25h'
}
__spining_cat_frame_004() {
 printf '%b' '[?25l[0m                                        [0m
                                        [0m
                                        [0m
                                        [0m
            [38;2;15;14;12m▁[38;2;28;30;23m▂[38;2;22;23;16m▂[38;2;5;4;4m▂[38;2;1;0;1m▁▁▁[0m                     [0m
            [7m[38;2;8;6;6m▋[0m[38;2;28;28;19;48;2;46;46;36m▃[38;2;13;14;6;48;2;39;40;29m▃[38;2;8;8;4;48;2;34;35;25m▃[38;2;6;5;5;48;2;24;24;18m▅[38;2;4;2;3;48;2;24;22;20m▅[38;2;7;6;6;48;2;14;13;10m▞[0m[7m[38;2;18;18;11m▀[0m[38;2;16;15;12m▃[38;2;4;3;3m▂[38;2;3;1;3m▁[0m                 [0m
            [38;2;9;7;6;48;2;3;2;2m▃[38;2;5;3;3;48;2;17;17;10m▆[38;2;5;5;3;48;2;3;1;3m▔[0m[38;2;3;1;3m█[38;2;4;2;3;48;2;3;1;3m▔[38;2;3;1;3;48;2;2;1;2m▕[38;2;3;2;3;48;2;15;14;11m▊[38;2;27;28;20;48;2;35;35;27m▍[38;2;49;50;40;48;2;39;39;31m▅[38;2;56;56;46;48;2;31;32;23m▆[38;2;57;58;47;48;2;20;21;13m▅[38;2;10;10;6;48;2;41;42;31m▀[0m[38;2;8;7;5m▆[7m[38;2;3;1;3m▀[0m              [0m
           [7m[38;2;1;0;1m▊[0m[38;2;2;0;2;48;2;9;7;5m▍[38;2;5;3;3;48;2;3;1;2m▖[38;2;3;1;3;48;2;2;0;2m▔[38;2;3;2;3;48;2;3;1;3m▔[38;2;2;1;2;48;2;3;2;3m▔[38;2;3;2;3;48;2;2;0;2m▂[38;2;2;0;2;48;2;3;1;3m▁[38;2;38;38;31;48;2;13;12;10m▝[38;2;41;42;32;48;2;50;50;40m▍[38;2;52;53;43;48;2;59;60;51m▁[38;2;53;56;44;48;2;60;61;51m▗[38;2;41;42;31;48;2;50;52;40m▐[38;2;40;41;30;48;2;16;15;10m▖[38;2;23;23;14;48;2;8;7;4m▃[0m[7m[38;2;9;8;6m▝[0m             [0m
            [38;2;3;1;2m▝[38;2;2;1;2;48;2;7;6;5m▁[38;2;6;8;3;48;2;3;2;3m▂[38;2;5;5;3;48;2;3;1;3m▂[38;2;4;2;4m▁[38;2;4;2;3m▗[38;2;8;7;6m▕[38;2;4;2;3;48;2;25;24;18m▘[38;2;29;28;18;48;2;39;40;29m▆[38;2;39;39;26;48;2;44;44;31m▎[38;2;38;38;18;48;2;45;46;30m▗[38;2;41;40;18;48;2;43;44;29m▆[38;2;36;38;18;48;2;41;40;17m▔[38;2;35;34;13;48;2;26;26;9m▆[38;2;2;1;2;48;2;18;18;8m▕[0m             [0m
              [7m[38;2;5;8;3m▆[0m[38;2;7;11;3m▀[7m[38;2;8;8;6m▃[38;2;7;5;5m▂[38;2;8;6;4m▁[0m[38;2;3;1;3;48;2;11;10;5m▁[38;2;10;9;4;48;2;27;27;12m▂[38;2;18;18;7;48;2;39;39;18m▃[38;2;8;7;3;48;2;34;34;14m▁[38;2;6;5;3;48;2;40;40;18m▁[38;2;3;2;3;48;2;36;34;13m▁[0m[7m[38;2;19;21;8m▁[0m[38;2;6;7;3m▘[0m             [0m
                     [38;2;2;0;1m▔[38;2;1;0;1m▔▔[0m                [0m
                                        [0m
                                        [0m
                                        [0m
                                        [0m
[?25h'
}
__spining_cat_frame_005() {
 printf '%b' '[?25l[0m                                        [0m
                                        [0m
                                        [0m
                                        [0m
            [38;2;1;1;1m▁[38;2;12;10;8m▁[38;2;0;0;0m▁▁[0m    [38;2;0;0;0m▁▁[0m                  [0m
         [7m[38;2;55;49;29m▀[0m[38;2;68;59;34m▆[38;2;97;84;54;48;2;16;14;10m▆[38;2;57;52;34;48;2;113;99;68m▔[38;2;96;85;60;48;2;119;104;71m▔[38;2;57;49;33;48;2;107;91;59m▔[38;2;19;15;10;48;2;89;76;47m▔[38;2;69;57;33;48;2;0;0;0m▆[0m[38;2;36;33;18m▆[38;2;0;0;0;48;2;19;18;12m▔[38;2;9;9;7;48;2;35;37;26m▀[38;2;40;41;30;48;2;9;8;6m▃[38;2;36;37;28;48;2;12;11;9m▂[38;2;1;2;1;48;2;7;7;5m▔[0m[38;2;3;4;2m▆[7m[38;2;3;2;2m▀[0m               [0m
        [38;2;0;0;0m▕[38;2;11;10;5;48;2;74;65;39m▖[38;2;111;96;63;48;2;55;48;22m▀[38;2;36;31;10;48;2;108;94;60m▃[38;2;39;34;14;48;2;112;97;64m▂[38;2;93;81;52;48;2;120;104;70m▂[38;2;110;95;63;48;2;116;101;66m▂[38;2;117;101;67;48;2;101;86;53m▆[38;2;84;70;39;48;2;106;91;56m▀[38;2;49;42;17;48;2;77;65;34m▀[38;2;26;23;10;48;2;53;47;21m▀[38;2;39;37;20;48;2;44;43;27m▍[38;2;24;23;17;48;2;43;43;30m▗[38;2;37;38;28;48;2;5;4;3m▀[38;2;23;21;16;48;2;5;4;4m▘[38;2;2;2;2;48;2;2;1;1m▘[38;2;3;2;3;48;2;4;3;3m▕[0m[7m[38;2;0;0;0m▕[0m              [0m
         [38;2;7;7;3m▔[38;2;25;25;12m▀[38;2;0;0;0;48;2;34;34;17m▖[38;2;45;42;17;48;2;30;26;8m▆[38;2;52;46;21;48;2;42;37;15m▝[38;2;95;82;52;48;2;60;51;25m▔[38;2;55;46;19;48;2;98;84;53m▅[38;2;57;48;19;48;2;104;89;56m▅[38;2;64;54;23;48;2;105;90;57m▅[38;2;76;65;36;48;2;50;42;16m▘[38;2;29;24;7;48;2;44;39;16m▂[38;2;38;36;18;48;2;22;20;10m▘[38;2;13;11;8;48;2;5;4;3m▍[38;2;21;20;13;48;2;1;1;1m▁[38;2;10;10;5;48;2;2;1;1m▁[38;2;1;1;0;48;2;5;6;2m▗[0m[38;2;1;1;1m▔[0m              [0m
           [38;2;1;1;0;48;2;42;40;20m▍[38;2;59;51;23;48;2;65;56;27m▀[38;2;77;67;37;48;2;58;49;21m▅[38;2;89;78;46;48;2;47;41;16m▅[38;2;68;57;28;48;2;99;86;55m▀[38;2;88;75;44;48;2;69;57;28m▆[38;2;61;52;23;48;2;79;67;36m▐[38;2;46;39;12;48;2;37;34;11m▋[38;2;26;23;6;48;2;40;37;16m▀[38;2;27;27;13;48;2;41;39;18m▀[38;2;54;52;29;48;2;33;33;18m▅[38;2;9;15;4;48;2;38;39;18m▁[0m[7m[38;2;10;13;4m▁[0m                [0m
          [38;2;0;0;0m▕[7m[38;2;18;17;7m▁[38;2;53;47;23m▃[38;2;74;65;38m▃[38;2;75;66;41m▂[38;2;64;57;32m▁[0m[38;2;1;1;1;48;2;52;46;19m▁[38;2;10;17;6;48;2;55;49;21m▂[0m[7m[38;2;35;34;12m▁[38;2;32;32;14m▂[0m[38;2;29;31;12m▀[7m[38;2;14;20;7m▅[0m[38;2;1;2;0m▔[0m                 [0m
                                        [0m
                                        [0m
                                        [0m
                                        [0m
                                        [0m
[?25h'
}
__spining_cat_frame_006() {
 printf '%b' '[?25l[0m                                        [0m
                                        [0m
                                        [0m
                         [38;2;0;0;0m▁▁[0m             [0m
            [38;2;7;12;4m▁[38;2;20;20;12m▃[38;2;23;22;14m▃[38;2;13;13;8m▅[38;2;2;2;1m▅[7m[38;2;1;1;1m▀▀[0m[38;2;3;3;2m▅[38;2;21;22;13m▃[7m[38;2;35;32;22m▀[0m[38;2;46;41;29m▅[7m[38;2;52;46;35m▔[0m[38;2;83;75;56;48;2;26;25;17m▅[38;2;86;79;57;48;2;32;32;21m▅[38;2;81;75;52;48;2;17;17;10m▆[38;2;50;48;31;48;2;4;4;3m▆[0m[38;2;0;1;0m▏[0m           [0m
          [38;2;9;8;5m▂[38;2;1;3;1;48;2;33;31;18m▔[38;2;31;31;18;48;2;54;50;32m▔[38;2;65;59;38;48;2;48;48;32m▅[38;2;50;48;31;48;2;69;61;38m▀[38;2;70;63;38;48;2;45;42;23m▃[38;2;64;58;34;48;2;37;36;18m▃[38;2;11;11;7;48;2;42;39;19m▔[38;2;33;31;15;48;2;9;9;6m▆[38;2;6;6;3;48;2;26;24;9m▀[38;2;22;20;11;48;2;36;33;18m▍[38;2;64;55;36;48;2;49;43;25m▐[38;2;62;55;30;48;2;88;77;53m▂[38;2;90;80;57;48;2;73;64;39m▘[38;2;100;88;65;48;2;68;59;32m▔[38;2;94;84;55;48;2;69;59;31m▀[38;2;89;78;49;48;2;111;98;72m▃[38;2;69;64;41;48;2;105;93;63m▔[0m[38;2;22;20;12m▋[0m           [0m
         [7m[38;2;5;4;4m▊[0m[38;2;3;3;2;48;2;26;23;11m▍[38;2;42;39;17;48;2;29;27;9m▀[38;2;38;36;15;48;2;58;54;28m▃[38;2;46;42;17;48;2;75;68;40m▂[38;2;53;47;19;48;2;78;71;42m▁[38;2;64;57;28;48;2;78;70;41m▁[38;2;73;64;33;48;2;86;77;45m▂[38;2;79;70;39;48;2;56;51;24m▆[38;2;67;59;30;48;2;48;44;20m▆[38;2;41;39;18;48;2;54;49;23m▝[38;2;48;44;19;48;2;28;25;8m▂[38;2;40;38;16;48;2;26;22;6m▁[38;2;46;39;14;48;2;30;25;6m▔[38;2;30;25;6;48;2;44;38;14m▆[38;2;42;36;11;48;2;52;44;17m▆[38;2;72;64;37;48;2;48;41;16m▀[38;2;96;86;55;48;2;68;61;34m▝[38;2;46;43;21;48;2;98;87;58m▅[0m[38;2;6;6;3m▎[0m           [0m
          [7m[38;2;5;5;2m▃[0m[38;2;2;1;1;48;2;7;6;2m▁[38;2;2;2;1;48;2;18;17;5m▆[38;2;4;4;2;48;2;26;23;10m▆[38;2;32;29;14;48;2;4;4;2m▀[38;2;9;7;5;48;2;46;42;20m▃[38;2;35;32;12;48;2;58;51;23m▅[38;2;70;61;32;48;2;43;38;14m▀[38;2;56;51;24;48;2;79;70;40m▃[38;2;65;59;32;48;2;75;67;37m▂[38;2;78;69;39;48;2;62;56;28m▆[38;2;55;50;24;48;2;80;71;41m▔[38;2;97;84;52;48;2;68;61;32m▆[38;2;108;94;60;48;2;62;54;26m▅[38;2;87;74;42;48;2;56;46;19m▃[38;2;57;48;20;48;2;84;71;39m▀[38;2;104;90;57;48;2;70;62;35m▅[0m[7m[38;2;52;48;28m▗[0m            [0m
            [7m[38;2;3;3;2m▆[38;2;2;2;1m▅[38;2;4;4;3m▃[38;2;4;4;2m▁[0m[38;2;1;1;0;48;2;20;21;7m▁[38;2;8;12;3;48;2;35;32;12m▂[38;2;13;15;5;48;2;42;38;14m▁[38;2;40;35;11;48;2;57;51;24m▅[38;2;63;58;31;48;2;43;38;14m▀[38;2;47;40;14;48;2;74;66;38m▃[38;2;57;51;23;48;2;82;72;41m▃[38;2;65;58;29;48;2;97;85;52m▃[38;2;72;64;35;48;2;102;88;54m▃[38;2;37;40;19;48;2;111;97;62m▁[0m[7m[38;2;83;74;47m▂[0m[38;2;2;3;1m▘[0m            [0m
                  [38;2;2;3;1m▔[38;2;9;9;4m▔[7m[38;2;15;14;5m▆[38;2;17;15;6m▅[38;2;21;20;9m▅[38;2;30;28;12m▆[38;2;20;19;7m▆[0m[38;2;2;4;1m▔[0m              [0m
                                        [0m
                                        [0m
                                        [0m
                                        [0m
                                        [0m
[?25h'
}
__spining_cat_frame_007() {
 printf '%b' '[?25l[0m                                        [0m
                                        [0m
                                        [0m
                    [38;2;0;0;0m▁[0m    [38;2;4;9;2m▁[38;2;5;9;3m▁[0m             [0m
           [38;2;5;6;2m▁[38;2;20;21;14m▂[38;2;27;29;17m▃[38;2;28;30;15m▃[7m[38;2;20;20;11m▀[38;2;10;11;6m▀[0m[38;2;1;1;1m▃▁[38;2;4;4;3m▂[38;2;5;5;4;48;2;1;1;1m▂[38;2;0;0;0;48;2;7;7;6m▔[38;2;24;24;15;48;2;1;1;1m▅[0m[38;2;35;37;24m▆[38;2;50;49;38m▆[38;2;63;61;47;48;2;6;14;3m▆[38;2;74;71;54;48;2;16;37;9m▆[38;2;92;85;65;48;2;13;16;10m▅[0m[38;2;60;58;40m▅[38;2;22;22;12m▖[0m          [0m
         [38;2;8;9;5m▃[38;2;1;1;0;48;2;27;27;15m▔[38;2;27;31;16;48;2;49;48;32m▔[38;2;62;60;40;48;2;45;46;30m▆[38;2;70;66;43;48;2;51;51;35m▆[38;2;77;72;46;48;2;56;54;38m▆[38;2;79;73;44;48;2;58;54;33m▃[38;2;73;68;40;48;2;48;45;28m▃[38;2;75;70;45;48;2;35;33;24m▅[38;2;62;58;34;48;2;27;26;18m▆[38;2;52;49;27;48;2;28;28;18m▆[38;2;49;46;30;48;2;23;23;13m▅[38;2;37;34;23;48;2;9;7;5m▃[38;2;9;9;5;48;2;25;24;12m▘[38;2;26;25;8;48;2;48;47;26m▂[38;2;41;39;17;48;2;71;67;42m▂[38;2;60;57;33;48;2;96;87;60m▂[38;2;67;63;37;48;2;102;93;64m▂[38;2;71;66;38;48;2;96;88;59m▂[38;2;90;83;56;48;2;67;63;35m▘[38;2;47;48;24;48;2;2;4;1m▋[0m          [0m
        [7m[38;2;12;12;8m▊[0m[38;2;9;7;5;48;2;17;15;11m▐[38;2;23;22;12;48;2;7;6;4m▝[38;2;35;33;16;48;2;46;44;24m▃[38;2;44;41;17;48;2;56;52;27m▃[38;2;48;44;20;48;2;68;63;37m▂[38;2;55;49;24;48;2;84;77;48m▁[38;2;63;58;32;48;2;94;86;56m▁[38;2;65;60;33;48;2;93;85;54m▁[38;2;80;74;45;48;2;100;90;58m▂[38;2;82;75;45;48;2;97;88;56m▂[38;2;92;83;52;48;2;68;61;32m▆[38;2;84;77;48;48;2;68;64;38m▆[38;2;56;53;30;48;2;72;67;40m▝[38;2;65;59;31;48;2;37;34;16m▂[38;2;53;48;23;48;2;26;23;6m▂[38;2;54;50;26;48;2;24;21;5m▂[38;2;43;41;19;48;2;25;23;7m▂[38;2;42;39;15;48;2;33;30;10m▂[38;2;2;2;1;48;2;39;35;15m▗[0m[7m[38;2;30;29;17m▅[0m[38;2;1;2;1m▔[0m          [0m
        [38;2;3;3;2m▕[38;2;3;2;2;48;2;6;5;4m▞[38;2;4;4;2;48;2;3;2;2m▁[38;2;26;24;11;48;2;5;4;3m▀[38;2;3;2;2;48;2;34;32;14m▃[38;2;8;7;3;48;2;36;34;13m▃[38;2;17;16;6;48;2;36;33;11m▃[38;2;20;18;5m▃[38;2;46;41;16;48;2;28;26;8m▀[38;2;62;57;30;48;2;35;33;11m▀[38;2;62;57;29;48;2;40;37;13m▀[38;2;74;67;37;48;2;49;44;18m▀[38;2;68;61;33;48;2;92;83;52m▅[38;2;75;68;38;48;2;85;78;47m▃[38;2;79;71;40;48;2;83;75;44m▂[38;2;85;77;46;48;2;76;69;40m▆[38;2;79;72;43;48;2;98;86;54m▔[38;2;112;98;64;48;2;80;72;43m▆[38;2;78;68;38;48;2;47;41;19m▊[0m[7m[38;2;6;6;3m▐[0m            [0m
         [38;2;1;1;1m▔[7m[38;2;5;5;3m▅▃[38;2;9;9;5m▃[38;2;10;9;6m▂[38;2;6;5;3m▁▁▁[0m[38;2;1;2;1;48;2;17;15;6m▁[38;2;11;11;5;48;2;35;33;12m▂[48;2;39;36;13m▁[38;2;38;35;13;48;2;62;57;30m▆[38;2;38;35;12;48;2;67;61;32m▅[38;2;70;62;33;48;2;41;37;14m▀[38;2;72;65;35;48;2;44;40;18m▀[38;2;26;23;11;48;2;73;65;35m▂[38;2;2;2;1;48;2;69;61;33m▂[0m[38;2;36;33;19m▀[0m             [0m
                   [38;2;1;2;1m▔[7m[38;2;3;3;2m▆[38;2;3;3;1m▆[38;2;2;2;1m▆[38;2;2;3;1m▆[0m[38;2;1;1;1m▔[0m               [0m
                                        [0m
                                        [0m
                                        [0m
                                        [0m
                                        [0m
[?25h'
}
__spining_cat_frame_008() {
 printf '%b' '[?25l[0m                                        [0m
                                        [0m
                                        [0m
                                        [0m
                     [38;2;8;4;8m▗[7m[38;2;9;6;10m▀[38;2;10;9;9m▀[0m[38;2;24;27;17m▂[38;2;29;29;17m▃[0m              [0m
         [38;2;8;5;8m▂[38;2;8;7;8m▅[38;2;15;17;10m▅[38;2;28;30;19;48;2;6;6;5m▃[38;2;44;43;31;48;2;12;10;10m▃[38;2;15;12;13;48;2;48;48;36m▀[38;2;11;9;9;48;2;47;47;36m▀[38;2;8;7;6;48;2;44;44;30m▀[38;2;6;6;5;48;2;42;42;29m▀[0m[38;2;46;45;29m▅[38;2;41;40;24m▅[38;2;43;41;25m▅[38;2;48;46;30;48;2;13;11;11m▆[38;2;12;9;11;48;2;44;42;28m▔[38;2;32;32;19;48;2;12;10;9m▂[38;2;10;8;7;48;2;28;27;15m▊[38;2;39;37;18;48;2;54;51;30m▂[38;2;18;17;11;48;2;61;56;34m▔[0m[38;2;23;20;15m▖[0m            [0m
       [38;2;5;3;5m▗[7m[38;2;9;6;9m▘[0m[38;2;8;7;7;48;2;7;5;6m▘[38;2;29;28;17;48;2;10;8;8m▗[38;2;15;15;10;48;2;35;36;23m▘[38;2;54;55;37;48;2;47;46;31m▐[38;2;57;57;45;48;2;67;66;49m▔[38;2;65;66;46;48;2;73;71;57m▂[38;2;68;68;52;48;2;61;62;44m▘[38;2;53;51;32;48;2;57;58;40m▂[38;2;58;56;35;48;2;58;58;40m▅[38;2;64;63;41;48;2;62;59;34m▀[38;2;62;58;34;48;2;63;61;39m▃[38;2;82;77;49;48;2;66;62;38m▗[38;2;83;78;50;48;2;66;64;41m▅[38;2;80;75;47;48;2;66;64;42m▅[38;2;57;54;32;48;2;73;68;40m▀[38;2;17;14;12;48;2;50;45;23m▐[0m[7m[38;2;15;15;7m▅[38;2;17;19;8m▆[0m             [0m
      [38;2;6;4;7m▗[48;2;15;12;12m▘[38;2;10;8;6;48;2;17;15;9m▊[38;2;13;11;9;48;2;24;23;14m▔[38;2;26;24;12;48;2;36;34;16m▘[38;2;43;41;21;48;2;38;36;16m▝[38;2;39;37;16;48;2;46;44;26m▅[38;2;43;41;19;48;2;51;49;32m▆[38;2;55;55;37;48;2;47;44;22m▔[38;2;42;40;16;48;2;51;48;25m▂[38;2;43;41;17;48;2;52;47;23m▃[38;2;44;42;19;48;2;54;50;25m▅[38;2;56;51;26;48;2;41;39;17m▀[38;2;67;61;35;48;2;48;45;20m▀[38;2;76;69;39;48;2;50;44;17m▀[38;2;81;73;43;48;2;47;41;15m▀[38;2;75;68;38;48;2;46;41;15m▀[38;2;72;62;32;48;2;51;45;18m▀[38;2;39;34;22;48;2;73;63;32m▝[0m[38;2;12;11;9m▍[0m              [0m
      [38;2;7;4;7m▝[38;2;5;3;5;48;2;15;12;11m▖[38;2;14;14;6;48;2;26;24;14m▃[38;2;17;16;6;48;2;29;28;11m▃[38;2;35;33;14;48;2;18;18;6m▀[38;2;35;33;13;48;2;17;16;5m▀[38;2;9;9;4;48;2;26;25;9m▃[38;2;34;32;12;48;2;12;11;5m▀[38;2;35;34;12;48;2;25;24;11m▀[38;2;30;29;11;48;2;35;34;13m▅[38;2;26;25;9;48;2;35;34;12m▅[38;2;25;24;8;48;2;35;34;13m▅[38;2;31;30;13;48;2;10;9;4m▀[38;2;34;33;14;48;2;8;6;4m▀[38;2;19;18;7;48;2;37;35;13m▅[38;2;6;5;4;48;2;28;27;9m▁[0m[7m[38;2;31;29;11m▂[38;2;35;32;14m▃[0m[38;2;34;29;14m▀[0m               [0m
        [7m[38;2;6;6;5m▆[38;2;9;11;6m▅[0m[38;2;9;10;5m▀[7m[38;2;8;7;5m▃[38;2;7;8;5m▂[38;2;11;11;8m▁[38;2;15;14;10m▁[38;2;13;11;7m▁[38;2;12;12;6m▂[38;2;14;14;6m▃[0m[38;2;13;12;6m▀[7m[38;2;8;7;4m▅[0m[38;2;7;4;6m▔[0m                   [0m
                                        [0m
                                        [0m
                                        [0m
                                        [0m
                                        [0m
[?25h'
}
__spining_cat_frame_009() {
 printf '%b' '[?25l[0m                                        [0m
                                        [0m
                                        [0m
                                        [0m
            [38;2;15;14;12m▁[38;2;28;30;23m▂[38;2;22;23;16m▂[38;2;5;4;4m▂[38;2;1;0;1m▁▁▁[0m                     [0m
            [7m[38;2;8;6;6m▋[0m[38;2;28;28;19;48;2;46;46;36m▃[38;2;13;14;6;48;2;39;40;29m▃[38;2;8;8;4;48;2;34;35;25m▃[38;2;6;5;5;48;2;24;24;18m▅[38;2;4;2;3;48;2;24;22;20m▅[38;2;7;6;6;48;2;14;13;10m▞[0m[7m[38;2;18;18;11m▀[0m[38;2;16;15;12m▃[38;2;4;3;3m▂[38;2;3;1;3m▁[0m                 [0m
            [38;2;9;7;6;48;2;3;2;2m▃[38;2;5;3;3;48;2;17;17;10m▆[38;2;5;5;3;48;2;3;1;3m▔[0m[38;2;3;1;3m█[38;2;4;2;3;48;2;3;1;3m▔[38;2;3;1;3;48;2;2;1;2m▕[38;2;3;2;3;48;2;15;14;11m▊[38;2;27;28;20;48;2;35;35;27m▍[38;2;49;50;40;48;2;39;39;31m▅[38;2;56;56;46;48;2;31;32;23m▆[38;2;57;58;47;48;2;20;21;13m▅[38;2;10;10;6;48;2;41;42;31m▀[0m[38;2;8;7;5m▆[7m[38;2;3;1;3m▀[0m              [0m
           [7m[38;2;1;0;1m▊[0m[38;2;2;0;2;48;2;9;7;5m▍[38;2;5;3;3;48;2;3;1;2m▖[38;2;3;1;3;48;2;2;0;2m▔[38;2;3;2;3;48;2;3;1;3m▔[38;2;2;1;2;48;2;3;2;3m▔[38;2;3;2;3;48;2;2;0;2m▂[38;2;2;0;2;48;2;3;1;3m▁[38;2;38;38;31;48;2;13;12;10m▝[38;2;41;42;32;48;2;50;50;40m▍[38;2;52;53;43;48;2;59;60;51m▁[38;2;53;56;44;48;2;60;61;51m▗[38;2;41;42;31;48;2;50;52;40m▐[38;2;40;41;30;48;2;16;15;10m▖[38;2;23;23;14;48;2;8;7;4m▃[0m[7m[38;2;9;8;6m▝[0m             [0m
            [38;2;3;1;2m▝[38;2;2;1;2;48;2;7;6;5m▁[38;2;6;8;3;48;2;3;2;3m▂[38;2;5;5;3;48;2;3;1;3m▂[38;2;4;2;4m▁[38;2;4;2;3m▗[38;2;8;7;6m▕[38;2;4;2;3;48;2;25;24;18m▘[38;2;29;28;18;48;2;39;40;29m▆[38;2;39;39;26;48;2;44;44;31m▎[38;2;38;38;18;48;2;45;46;30m▗[38;2;41;40;18;48;2;43;44;29m▆[38;2;36;38;18;48;2;41;40;17m▔[38;2;35;34;13;48;2;26;26;9m▆[38;2;2;1;2;48;2;18;18;8m▕[0m             [0m
              [7m[38;2;5;8;3m▆[0m[38;2;7;11;3m▀[7m[38;2;8;8;6m▃[38;2;7;5;5m▂[38;2;8;6;4m▁[0m[38;2;3;1;3;48;2;11;10;5m▁[38;2;10;9;4;48;2;27;27;12m▂[38;2;18;18;7;48;2;39;39;18m▃[38;2;8;7;3;48;2;34;34;14m▁[38;2;6;5;3;48;2;40;40;18m▁[38;2;3;2;3;48;2;36;34;13m▁[0m[7m[38;2;19;21;8m▁[0m[38;2;6;7;3m▘[0m             [0m
                     [38;2;2;0;1m▔[38;2;1;0;1m▔▔[0m                [0m
                                        [0m
                                        [0m
                                        [0m
                                        [0m
[?25h'
}
__spining_cat_frame_010() {
 printf '%b' '[?25l[0m                                        [0m
                                        [0m
                                        [0m
                                        [0m
            [38;2;1;1;1m▁[38;2;12;10;8m▁[38;2;0;0;0m▁▁[0m    [38;2;0;0;0m▁▁[0m                  [0m
         [7m[38;2;55;49;29m▀[0m[38;2;68;59;34m▆[38;2;97;84;54;48;2;16;14;10m▆[38;2;57;52;34;48;2;113;99;68m▔[38;2;96;85;60;48;2;119;104;71m▔[38;2;57;49;33;48;2;107;91;59m▔[38;2;19;15;10;48;2;89;76;47m▔[38;2;69;57;33;48;2;0;0;0m▆[0m[38;2;36;33;18m▆[38;2;0;0;0;48;2;19;18;12m▔[38;2;9;9;7;48;2;35;37;26m▀[38;2;40;41;30;48;2;9;8;6m▃[38;2;36;37;28;48;2;12;11;9m▂[38;2;1;2;1;48;2;7;7;5m▔[0m[38;2;3;4;2m▆[7m[38;2;3;2;2m▀[0m               [0m
        [38;2;0;0;0m▕[38;2;11;10;5;48;2;74;65;39m▖[38;2;111;96;63;48;2;55;48;22m▀[38;2;36;31;10;48;2;108;94;60m▃[38;2;39;34;14;48;2;112;97;64m▂[38;2;93;81;52;48;2;120;104;70m▂[38;2;110;95;63;48;2;116;101;66m▂[38;2;117;101;67;48;2;101;86;53m▆[38;2;84;70;39;48;2;106;91;56m▀[38;2;49;42;17;48;2;77;65;34m▀[38;2;26;23;10;48;2;53;47;21m▀[38;2;39;37;20;48;2;44;43;27m▍[38;2;24;23;17;48;2;43;43;30m▗[38;2;37;38;28;48;2;5;4;3m▀[38;2;23;21;16;48;2;5;4;4m▘[38;2;2;2;2;48;2;2;1;1m▘[38;2;3;2;3;48;2;4;3;3m▕[0m[7m[38;2;0;0;0m▕[0m              [0m
         [38;2;7;7;3m▔[38;2;25;25;12m▀[38;2;0;0;0;48;2;34;34;17m▖[38;2;45;42;17;48;2;30;26;8m▆[38;2;52;46;21;48;2;42;37;15m▝[38;2;95;82;52;48;2;60;51;25m▔[38;2;55;46;19;48;2;98;84;53m▅[38;2;57;48;19;48;2;104;89;56m▅[38;2;64;54;23;48;2;105;90;57m▅[38;2;76;65;36;48;2;50;42;16m▘[38;2;29;24;7;48;2;44;39;16m▂[38;2;38;36;18;48;2;22;20;10m▘[38;2;13;11;8;48;2;5;4;3m▍[38;2;21;20;13;48;2;1;1;1m▁[38;2;10;10;5;48;2;2;1;1m▁[38;2;1;1;0;48;2;5;6;2m▗[0m[38;2;1;1;1m▔[0m              [0m
           [38;2;1;1;0;48;2;42;40;20m▍[38;2;59;51;23;48;2;65;56;27m▀[38;2;77;67;37;48;2;58;49;21m▅[38;2;89;78;46;48;2;47;41;16m▅[38;2;68;57;28;48;2;99;86;55m▀[38;2;88;75;44;48;2;69;57;28m▆[38;2;61;52;23;48;2;79;67;36m▐[38;2;46;39;12;48;2;37;34;11m▋[38;2;26;23;6;48;2;40;37;16m▀[38;2;27;27;13;48;2;41;39;18m▀[38;2;54;52;29;48;2;33;33;18m▅[38;2;9;15;4;48;2;38;39;18m▁[0m[7m[38;2;10;13;4m▁[0m                [0m
          [38;2;0;0;0m▕[7m[38;2;18;17;7m▁[38;2;53;47;23m▃[38;2;74;65;38m▃[38;2;75;66;41m▂[38;2;64;57;32m▁[0m[38;2;1;1;1;48;2;52;46;19m▁[38;2;10;17;6;48;2;55;49;21m▂[0m[7m[38;2;35;34;12m▁[38;2;32;32;14m▂[0m[38;2;29;31;12m▀[7m[38;2;14;20;7m▅[0m[38;2;1;2;0m▔[0m                 [0m
                                        [0m
                                        [0m
                                        [0m
                                        [0m
                                        [0m
[?25h'
}
__spining_cat_frame_011() {
 printf '%b' '[?25l[0m                                        [0m
                                        [0m
                                        [0m
                         [38;2;0;0;0m▁▁[0m             [0m
            [38;2;7;12;4m▁[38;2;20;20;12m▃[38;2;23;22;14m▃[38;2;13;13;8m▅[38;2;2;2;1m▅[7m[38;2;1;1;1m▀▀[0m[38;2;3;3;2m▅[38;2;21;22;13m▃[7m[38;2;35;32;22m▀[0m[38;2;46;41;29m▅[7m[38;2;52;46;35m▔[0m[38;2;83;75;56;48;2;26;25;17m▅[38;2;86;79;57;48;2;32;32;21m▅[38;2;81;75;52;48;2;17;17;10m▆[38;2;50;48;31;48;2;4;4;3m▆[0m[38;2;0;1;0m▏[0m           [0m
          [38;2;9;8;5m▂[38;2;1;3;1;48;2;33;31;18m▔[38;2;31;31;18;48;2;54;50;32m▔[38;2;65;59;38;48;2;48;48;32m▅[38;2;50;48;31;48;2;69;61;38m▀[38;2;70;63;38;48;2;45;42;23m▃[38;2;64;58;34;48;2;37;36;18m▃[38;2;11;11;7;48;2;42;39;19m▔[38;2;33;31;15;48;2;9;9;6m▆[38;2;6;6;3;48;2;26;24;9m▀[38;2;22;20;11;48;2;36;33;18m▍[38;2;64;55;36;48;2;49;43;25m▐[38;2;62;55;30;48;2;88;77;53m▂[38;2;90;80;57;48;2;73;64;39m▘[38;2;100;88;65;48;2;68;59;32m▔[38;2;94;84;55;48;2;69;59;31m▀[38;2;89;78;49;48;2;111;98;72m▃[38;2;69;64;41;48;2;105;93;63m▔[0m[38;2;22;20;12m▋[0m           [0m
         [7m[38;2;5;4;4m▊[0m[38;2;3;3;2;48;2;26;23;11m▍[38;2;42;39;17;48;2;29;27;9m▀[38;2;38;36;15;48;2;58;54;28m▃[38;2;46;42;17;48;2;75;68;40m▂[38;2;53;47;19;48;2;78;71;42m▁[38;2;64;57;28;48;2;78;70;41m▁[38;2;73;64;33;48;2;86;77;45m▂[38;2;79;70;39;48;2;56;51;24m▆[38;2;67;59;30;48;2;48;44;20m▆[38;2;41;39;18;48;2;54;49;23m▝[38;2;48;44;19;48;2;28;25;8m▂[38;2;40;38;16;48;2;26;22;6m▁[38;2;46;39;14;48;2;30;25;6m▔[38;2;30;25;6;48;2;44;38;14m▆[38;2;42;36;11;48;2;52;44;17m▆[38;2;72;64;37;48;2;48;41;16m▀[38;2;96;86;55;48;2;68;61;34m▝[38;2;46;43;21;48;2;98;87;58m▅[0m[38;2;6;6;3m▎[0m           [0m
          [7m[38;2;5;5;2m▃[0m[38;2;2;1;1;48;2;7;6;2m▁[38;2;2;2;1;48;2;18;17;5m▆[38;2;4;4;2;48;2;26;23;10m▆[38;2;32;29;14;48;2;4;4;2m▀[38;2;9;7;5;48;2;46;42;20m▃[38;2;35;32;12;48;2;58;51;23m▅[38;2;70;61;32;48;2;43;38;14m▀[38;2;56;51;24;48;2;79;70;40m▃[38;2;65;59;32;48;2;75;67;37m▂[38;2;78;69;39;48;2;62;56;28m▆[38;2;55;50;24;48;2;80;71;41m▔[38;2;97;84;52;48;2;68;61;32m▆[38;2;108;94;60;48;2;62;54;26m▅[38;2;87;74;42;48;2;56;46;19m▃[38;2;57;48;20;48;2;84;71;39m▀[38;2;104;90;57;48;2;70;62;35m▅[0m[7m[38;2;52;48;28m▗[0m            [0m
            [7m[38;2;3;3;2m▆[38;2;2;2;1m▅[38;2;4;4;3m▃[38;2;4;4;2m▁[0m[38;2;1;1;0;48;2;20;21;7m▁[38;2;8;12;3;48;2;35;32;12m▂[38;2;13;15;5;48;2;42;38;14m▁[38;2;40;35;11;48;2;57;51;24m▅[38;2;63;58;31;48;2;43;38;14m▀[38;2;47;40;14;48;2;74;66;38m▃[38;2;57;51;23;48;2;82;72;41m▃[38;2;65;58;29;48;2;97;85;52m▃[38;2;72;64;35;48;2;102;88;54m▃[38;2;37;40;19;48;2;111;97;62m▁[0m[7m[38;2;83;74;47m▂[0m[38;2;2;3;1m▘[0m            [0m
                  [38;2;2;3;1m▔[38;2;9;9;4m▔[7m[38;2;15;14;5m▆[38;2;17;15;6m▅[38;2;21;20;9m▅[38;2;30;28;12m▆[38;2;20;19;7m▆[0m[38;2;2;4;1m▔[0m              [0m
                                        [0m
                                        [0m
                                        [0m
                                        [0m
                                        [0m
[?25h'
}
__spining_cat_frame_012() {
 printf '%b' '[?25l[0m                                        [0m
                                        [0m
                                        [0m
                    [38;2;0;0;0m▁[0m    [38;2;4;9;2m▁[38;2;5;9;3m▁[0m             [0m
           [38;2;5;6;2m▁[38;2;20;21;14m▂[38;2;27;29;17m▃[38;2;28;30;15m▃[7m[38;2;20;20;11m▀[38;2;10;11;6m▀[0m[38;2;1;1;1m▃▁[38;2;4;4;3m▂[38;2;5;5;4;48;2;1;1;1m▂[38;2;0;0;0;48;2;7;7;6m▔[38;2;24;24;15;48;2;1;1;1m▅[0m[38;2;35;37;24m▆[38;2;50;49;38m▆[38;2;63;61;47;48;2;6;14;3m▆[38;2;74;71;54;48;2;16;37;9m▆[38;2;92;85;65;48;2;13;16;10m▅[0m[38;2;60;58;40m▅[38;2;22;22;12m▖[0m          [0m
         [38;2;8;9;5m▃[38;2;1;1;0;48;2;27;27;15m▔[38;2;27;31;16;48;2;49;48;32m▔[38;2;62;60;40;48;2;45;46;30m▆[38;2;70;66;43;48;2;51;51;35m▆[38;2;77;72;46;48;2;56;54;38m▆[38;2;79;73;44;48;2;58;54;33m▃[38;2;73;68;40;48;2;48;45;28m▃[38;2;75;70;45;48;2;35;33;24m▅[38;2;62;58;34;48;2;27;26;18m▆[38;2;52;49;27;48;2;28;28;18m▆[38;2;49;46;30;48;2;23;23;13m▅[38;2;37;34;23;48;2;9;7;5m▃[38;2;9;9;5;48;2;25;24;12m▘[38;2;26;25;8;48;2;48;47;26m▂[38;2;41;39;17;48;2;71;67;42m▂[38;2;60;57;33;48;2;96;87;60m▂[38;2;67;63;37;48;2;102;93;64m▂[38;2;71;66;38;48;2;96;88;59m▂[38;2;90;83;56;48;2;67;63;35m▘[38;2;47;48;24;48;2;2;4;1m▋[0m          [0m
        [7m[38;2;12;12;8m▊[0m[38;2;9;7;5;48;2;17;15;11m▐[38;2;23;22;12;48;2;7;6;4m▝[38;2;35;33;16;48;2;46;44;24m▃[38;2;44;41;17;48;2;56;52;27m▃[38;2;48;44;20;48;2;68;63;37m▂[38;2;55;49;24;48;2;84;77;48m▁[38;2;63;58;32;48;2;94;86;56m▁[38;2;65;60;33;48;2;93;85;54m▁[38;2;80;74;45;48;2;100;90;58m▂[38;2;82;75;45;48;2;97;88;56m▂[38;2;92;83;52;48;2;68;61;32m▆[38;2;84;77;48;48;2;68;64;38m▆[38;2;56;53;30;48;2;72;67;40m▝[38;2;65;59;31;48;2;37;34;16m▂[38;2;53;48;23;48;2;26;23;6m▂[38;2;54;50;26;48;2;24;21;5m▂[38;2;43;41;19;48;2;25;23;7m▂[38;2;42;39;15;48;2;33;30;10m▂[38;2;2;2;1;48;2;39;35;15m▗[0m[7m[38;2;30;29;17m▅[0m[38;2;1;2;1m▔[0m          [0m
        [38;2;3;3;2m▕[38;2;3;2;2;48;2;6;5;4m▞[38;2;4;4;2;48;2;3;2;2m▁[38;2;26;24;11;48;2;5;4;3m▀[38;2;3;2;2;48;2;34;32;14m▃[38;2;8;7;3;48;2;36;34;13m▃[38;2;17;16;6;48;2;36;33;11m▃[38;2;20;18;5m▃[38;2;46;41;16;48;2;28;26;8m▀[38;2;62;57;30;48;2;35;33;11m▀[38;2;62;57;29;48;2;40;37;13m▀[38;2;74;67;37;48;2;49;44;18m▀[38;2;68;61;33;48;2;92;83;52m▅[38;2;75;68;38;48;2;85;78;47m▃[38;2;79;71;40;48;2;83;75;44m▂[38;2;85;77;46;48;2;76;69;40m▆[38;2;79;72;43;48;2;98;86;54m▔[38;2;112;98;64;48;2;80;72;43m▆[38;2;78;68;38;48;2;47;41;19m▊[0m[7m[38;2;6;6;3m▐[0m            [0m
         [38;2;1;1;1m▔[7m[38;2;5;5;3m▅▃[38;2;9;9;5m▃[38;2;10;9;6m▂[38;2;6;5;3m▁▁▁[0m[38;2;1;2;1;48;2;17;15;6m▁[38;2;11;11;5;48;2;35;33;12m▂[48;2;39;36;13m▁[38;2;38;35;13;48;2;62;57;30m▆[38;2;38;35;12;48;2;67;61;32m▅[38;2;70;62;33;48;2;41;37;14m▀[38;2;72;65;35;48;2;44;40;18m▀[38;2;26;23;11;48;2;73;65;35m▂[38;2;2;2;1;48;2;69;61;33m▂[0m[38;2;36;33;19m▀[0m             [0m
                   [38;2;1;2;1m▔[7m[38;2;3;3;2m▆[38;2;3;3;1m▆[38;2;2;2;1m▆[38;2;2;3;1m▆[0m[38;2;1;1;1m▔[0m               [0m
                                        [0m
                                        [0m
                                        [0m
                                        [0m
                                        [0m
[?25h'
}
__spining_cat_frame_013() {
 printf '%b' '[?25l[0m                                        [0m
                                        [0m
                                        [0m
                                        [0m
                     [38;2;8;4;8m▗[7m[38;2;9;6;10m▀[38;2;10;9;9m▀[0m[38;2;24;27;17m▂[38;2;29;29;17m▃[0m              [0m
         [38;2;8;5;8m▂[38;2;8;7;8m▅[38;2;15;17;10m▅[38;2;28;30;19;48;2;6;6;5m▃[38;2;44;43;31;48;2;12;10;10m▃[38;2;15;12;13;48;2;48;48;36m▀[38;2;11;9;9;48;2;47;47;36m▀[38;2;8;7;6;48;2;44;44;30m▀[38;2;6;6;5;48;2;42;42;29m▀[0m[38;2;46;45;29m▅[38;2;41;40;24m▅[38;2;43;41;25m▅[38;2;48;46;30;48;2;13;11;11m▆[38;2;12;9;11;48;2;44;42;28m▔[38;2;32;32;19;48;2;12;10;9m▂[38;2;10;8;7;48;2;28;27;15m▊[38;2;39;37;18;48;2;54;51;30m▂[38;2;18;17;11;48;2;61;56;34m▔[0m[38;2;23;20;15m▖[0m            [0m
       [38;2;5;3;5m▗[7m[38;2;9;6;9m▘[0m[38;2;8;7;7;48;2;7;5;6m▘[38;2;29;28;17;48;2;10;8;8m▗[38;2;15;15;10;48;2;35;36;23m▘[38;2;54;55;37;48;2;47;46;31m▐[38;2;57;57;45;48;2;67;66;49m▔[38;2;65;66;46;48;2;73;71;57m▂[38;2;68;68;52;48;2;61;62;44m▘[38;2;53;51;32;48;2;57;58;40m▂[38;2;58;56;35;48;2;58;58;40m▅[38;2;64;63;41;48;2;62;59;34m▀[38;2;62;58;34;48;2;63;61;39m▃[38;2;82;77;49;48;2;66;62;38m▗[38;2;83;78;50;48;2;66;64;41m▅[38;2;80;75;47;48;2;66;64;42m▅[38;2;57;54;32;48;2;73;68;40m▀[38;2;17;14;12;48;2;50;45;23m▐[0m[7m[38;2;15;15;7m▅[38;2;17;19;8m▆[0m             [0m
      [38;2;6;4;7m▗[48;2;15;12;12m▘[38;2;10;8;6;48;2;17;15;9m▊[38;2;13;11;9;48;2;24;23;14m▔[38;2;26;24;12;48;2;36;34;16m▘[38;2;43;41;21;48;2;38;36;16m▝[38;2;39;37;16;48;2;46;44;26m▅[38;2;43;41;19;48;2;51;49;32m▆[38;2;55;55;37;48;2;47;44;22m▔[38;2;42;40;16;48;2;51;48;25m▂[38;2;43;41;17;48;2;52;47;23m▃[38;2;44;42;19;48;2;54;50;25m▅[38;2;56;51;26;48;2;41;39;17m▀[38;2;67;61;35;48;2;48;45;20m▀[38;2;76;69;39;48;2;50;44;17m▀[38;2;81;73;43;48;2;47;41;15m▀[38;2;75;68;38;48;2;46;41;15m▀[38;2;72;62;32;48;2;51;45;18m▀[38;2;39;34;22;48;2;73;63;32m▝[0m[38;2;12;11;9m▍[0m              [0m
      [38;2;7;4;7m▝[38;2;5;3;5;48;2;15;12;11m▖[38;2;14;14;6;48;2;26;24;14m▃[38;2;17;16;6;48;2;29;28;11m▃[38;2;35;33;14;48;2;18;18;6m▀[38;2;35;33;13;48;2;17;16;5m▀[38;2;9;9;4;48;2;26;25;9m▃[38;2;34;32;12;48;2;12;11;5m▀[38;2;35;34;12;48;2;25;24;11m▀[38;2;30;29;11;48;2;35;34;13m▅[38;2;26;25;9;48;2;35;34;12m▅[38;2;25;24;8;48;2;35;34;13m▅[38;2;31;30;13;48;2;10;9;4m▀[38;2;34;33;14;48;2;8;6;4m▀[38;2;19;18;7;48;2;37;35;13m▅[38;2;6;5;4;48;2;28;27;9m▁[0m[7m[38;2;31;29;11m▂[38;2;35;32;14m▃[0m[38;2;34;29;14m▀[0m               [0m
        [7m[38;2;6;6;5m▆[38;2;9;11;6m▅[0m[38;2;9;10;5m▀[7m[38;2;8;7;5m▃[38;2;7;8;5m▂[38;2;11;11;8m▁[38;2;15;14;10m▁[38;2;13;11;7m▁[38;2;12;12;6m▂[38;2;14;14;6m▃[0m[38;2;13;12;6m▀[7m[38;2;8;7;4m▅[0m[38;2;7;4;6m▔[0m                   [0m
                                        [0m
                                        [0m
                                        [0m
                                        [0m
                                        [0m
[?25h'
}
__spining_cat_frame_014() {
 printf '%b' '[?25l[0m                                        [0m
                                        [0m
                                        [0m
                                        [0m
            [38;2;15;14;12m▁[38;2;28;30;23m▂[38;2;22;23;16m▂[38;2;5;4;4m▂[38;2;1;0;1m▁▁▁[0m                     [0m
            [7m[38;2;8;6;6m▋[0m[38;2;28;28;19;48;2;46;46;36m▃[38;2;13;14;6;48;2;39;40;29m▃[38;2;8;8;4;48;2;34;35;25m▃[38;2;6;5;5;48;2;24;24;18m▅[38;2;4;2;3;48;2;24;22;20m▅[38;2;7;6;6;48;2;14;13;10m▞[0m[7m[38;2;18;18;11m▀[0m[38;2;16;15;12m▃[38;2;4;3;3m▂[38;2;3;1;3m▁[0m                 [0m
            [38;2;9;7;6;48;2;3;2;2m▃[38;2;5;3;3;48;2;17;17;10m▆[38;2;5;5;3;48;2;3;1;3m▔[0m[38;2;3;1;3m█[38;2;4;2;3;48;2;3;1;3m▔[38;2;3;1;3;48;2;2;1;2m▕[38;2;3;2;3;48;2;15;14;11m▊[38;2;27;28;20;48;2;35;35;27m▍[38;2;49;50;40;48;2;39;39;31m▅[38;2;56;56;46;48;2;31;32;23m▆[38;2;57;58;47;48;2;20;21;13m▅[38;2;10;10;6;48;2;41;42;31m▀[0m[38;2;8;7;5m▆[7m[38;2;3;1;3m▀[0m              [0m
           [7m[38;2;1;0;1m▊[0m[38;2;2;0;2;48;2;9;7;5m▍[38;2;5;3;3;48;2;3;1;2m▖[38;2;3;1;3;48;2;2;0;2m▔[38;2;3;2;3;48;2;3;1;3m▔[38;2;2;1;2;48;2;3;2;3m▔[38;2;3;2;3;48;2;2;0;2m▂[38;2;2;0;2;48;2;3;1;3m▁[38;2;38;38;31;48;2;13;12;10m▝[38;2;41;42;32;48;2;50;50;40m▍[38;2;52;53;43;48;2;59;60;51m▁[38;2;53;56;44;48;2;60;61;51m▗[38;2;41;42;31;48;2;50;52;40m▐[38;2;40;41;30;48;2;16;15;10m▖[38;2;23;23;14;48;2;8;7;4m▃[0m[7m[38;2;9;8;6m▝[0m             [0m
            [38;2;3;1;2m▝[38;2;2;1;2;48;2;7;6;5m▁[38;2;6;8;3;48;2;3;2;3m▂[38;2;5;5;3;48;2;3;1;3m▂[38;2;4;2;4m▁[38;2;4;2;3m▗[38;2;8;7;6m▕[38;2;4;2;3;48;2;25;24;18m▘[38;2;29;28;18;48;2;39;40;29m▆[38;2;39;39;26;48;2;44;44;31m▎[38;2;38;38;18;48;2;45;46;30m▗[38;2;41;40;18;48;2;43;44;29m▆[38;2;36;38;18;48;2;41;40;17m▔[38;2;35;34;13;48;2;26;26;9m▆[38;2;2;1;2;48;2;18;18;8m▕[0m             [0m
              [7m[38;2;5;8;3m▆[0m[38;2;7;11;3m▀[7m[38;2;8;8;6m▃[38;2;7;5;5m▂[38;2;8;6;4m▁[0m[38;2;3;1;3;48;2;11;10;5m▁[38;2;10;9;4;48;2;27;27;12m▂[38;2;18;18;7;48;2;39;39;18m▃[38;2;8;7;3;48;2;34;34;14m▁[38;2;6;5;3;48;2;40;40;18m▁[38;2;3;2;3;48;2;36;34;13m▁[0m[7m[38;2;19;21;8m▁[0m[38;2;6;7;3m▘[0m             [0m
                     [38;2;2;0;1m▔[38;2;1;0;1m▔▔[0m                [0m
                                        [0m
                                        [0m
                                        [0m
                                        [0m
[?25h'
}
__spining_cat_frame_015() {
 printf '%b' '[?25l[0m                                        [0m
                                        [0m
                                        [0m
                                        [0m
            [38;2;1;1;1m▁[38;2;12;10;8m▁[38;2;0;0;0m▁▁[0m    [38;2;0;0;0m▁▁[0m                  [0m
         [7m[38;2;55;49;29m▀[0m[38;2;68;59;34m▆[38;2;97;84;54;48;2;16;14;10m▆[38;2;57;52;34;48;2;113;99;68m▔[38;2;96;85;60;48;2;119;104;71m▔[38;2;57;49;33;48;2;107;91;59m▔[38;2;19;15;10;48;2;89;76;47m▔[38;2;69;57;33;48;2;0;0;0m▆[0m[38;2;36;33;18m▆[38;2;0;0;0;48;2;19;18;12m▔[38;2;9;9;7;48;2;35;37;26m▀[38;2;40;41;30;48;2;9;8;6m▃[38;2;36;37;28;48;2;12;11;9m▂[38;2;1;2;1;48;2;7;7;5m▔[0m[38;2;3;4;2m▆[7m[38;2;3;2;2m▀[0m               [0m
        [38;2;0;0;0m▕[38;2;11;10;5;48;2;74;65;39m▖[38;2;111;96;63;48;2;55;48;22m▀[38;2;36;31;10;48;2;108;94;60m▃[38;2;39;34;14;48;2;112;97;64m▂[38;2;93;81;52;48;2;120;104;70m▂[38;2;110;95;63;48;2;116;101;66m▂[38;2;117;101;67;48;2;101;86;53m▆[38;2;84;70;39;48;2;106;91;56m▀[38;2;49;42;17;48;2;77;65;34m▀[38;2;26;23;10;48;2;53;47;21m▀[38;2;39;37;20;48;2;44;43;27m▍[38;2;24;23;17;48;2;43;43;30m▗[38;2;37;38;28;48;2;5;4;3m▀[38;2;23;21;16;48;2;5;4;4m▘[38;2;2;2;2;48;2;2;1;1m▘[38;2;3;2;3;48;2;4;3;3m▕[0m[7m[38;2;0;0;0m▕[0m              [0m
         [38;2;7;7;3m▔[38;2;25;25;12m▀[38;2;0;0;0;48;2;34;34;17m▖[38;2;45;42;17;48;2;30;26;8m▆[38;2;52;46;21;48;2;42;37;15m▝[38;2;95;82;52;48;2;60;51;25m▔[38;2;55;46;19;48;2;98;84;53m▅[38;2;57;48;19;48;2;104;89;56m▅[38;2;64;54;23;48;2;105;90;57m▅[38;2;76;65;36;48;2;50;42;16m▘[38;2;29;24;7;48;2;44;39;16m▂[38;2;38;36;18;48;2;22;20;10m▘[38;2;13;11;8;48;2;5;4;3m▍[38;2;21;20;13;48;2;1;1;1m▁[38;2;10;10;5;48;2;2;1;1m▁[38;2;1;1;0;48;2;5;6;2m▗[0m[38;2;1;1;1m▔[0m              [0m
           [38;2;1;1;0;48;2;42;40;20m▍[38;2;59;51;23;48;2;65;56;27m▀[38;2;77;67;37;48;2;58;49;21m▅[38;2;89;78;46;48;2;47;41;16m▅[38;2;68;57;28;48;2;99;86;55m▀[38;2;88;75;44;48;2;69;57;28m▆[38;2;61;52;23;48;2;79;67;36m▐[38;2;46;39;12;48;2;37;34;11m▋[38;2;26;23;6;48;2;40;37;16m▀[38;2;27;27;13;48;2;41;39;18m▀[38;2;54;52;29;48;2;33;33;18m▅[38;2;9;15;4;48;2;38;39;18m▁[0m[7m[38;2;10;13;4m▁[0m                [0m
          [38;2;0;0;0m▕[7m[38;2;18;17;7m▁[38;2;53;47;23m▃[38;2;74;65;38m▃[38;2;75;66;41m▂[38;2;64;57;32m▁[0m[38;2;1;1;1;48;2;52;46;19m▁[38;2;10;17;6;48;2;55;49;21m▂[0m[7m[38;2;35;34;12m▁[38;2;32;32;14m▂[0m[38;2;29;31;12m▀[7m[38;2;14;20;7m▅[0m[38;2;1;2;0m▔[0m                 [0m
                                        [0m
                                        [0m
                                        [0m
                                        [0m
                                        [0m
[?25h'
}
__spining_cat_frame_016() {
 printf '%b' '[?25l[0m                                        [0m
                                        [0m
                                        [0m
                         [38;2;0;0;0m▁▁[0m             [0m
            [38;2;7;12;4m▁[38;2;20;20;12m▃[38;2;23;22;14m▃[38;2;13;13;8m▅[38;2;2;2;1m▅[7m[38;2;1;1;1m▀▀[0m[38;2;3;3;2m▅[38;2;21;22;13m▃[7m[38;2;35;32;22m▀[0m[38;2;46;41;29m▅[7m[38;2;52;46;35m▔[0m[38;2;83;75;56;48;2;26;25;17m▅[38;2;86;79;57;48;2;32;32;21m▅[38;2;81;75;52;48;2;17;17;10m▆[38;2;50;48;31;48;2;4;4;3m▆[0m[38;2;0;1;0m▏[0m           [0m
          [38;2;9;8;5m▂[38;2;1;3;1;48;2;33;31;18m▔[38;2;31;31;18;48;2;54;50;32m▔[38;2;65;59;38;48;2;48;48;32m▅[38;2;50;48;31;48;2;69;61;38m▀[38;2;70;63;38;48;2;45;42;23m▃[38;2;64;58;34;48;2;37;36;18m▃[38;2;11;11;7;48;2;42;39;19m▔[38;2;33;31;15;48;2;9;9;6m▆[38;2;6;6;3;48;2;26;24;9m▀[38;2;22;20;11;48;2;36;33;18m▍[38;2;64;55;36;48;2;49;43;25m▐[38;2;62;55;30;48;2;88;77;53m▂[38;2;90;80;57;48;2;73;64;39m▘[38;2;100;88;65;48;2;68;59;32m▔[38;2;94;84;55;48;2;69;59;31m▀[38;2;89;78;49;48;2;111;98;72m▃[38;2;69;64;41;48;2;105;93;63m▔[0m[38;2;22;20;12m▋[0m           [0m
         [7m[38;2;5;4;4m▊[0m[38;2;3;3;2;48;2;26;23;11m▍[38;2;42;39;17;48;2;29;27;9m▀[38;2;38;36;15;48;2;58;54;28m▃[38;2;46;42;17;48;2;75;68;40m▂[38;2;53;47;19;48;2;78;71;42m▁[38;2;64;57;28;48;2;78;70;41m▁[38;2;73;64;33;48;2;86;77;45m▂[38;2;79;70;39;48;2;56;51;24m▆[38;2;67;59;30;48;2;48;44;20m▆[38;2;41;39;18;48;2;54;49;23m▝[38;2;48;44;19;48;2;28;25;8m▂[38;2;40;38;16;48;2;26;22;6m▁[38;2;46;39;14;48;2;30;25;6m▔[38;2;30;25;6;48;2;44;38;14m▆[38;2;42;36;11;48;2;52;44;17m▆[38;2;72;64;37;48;2;48;41;16m▀[38;2;96;86;55;48;2;68;61;34m▝[38;2;46;43;21;48;2;98;87;58m▅[0m[38;2;6;6;3m▎[0m           [0m
          [7m[38;2;5;5;2m▃[0m[38;2;2;1;1;48;2;7;6;2m▁[38;2;2;2;1;48;2;18;17;5m▆[38;2;4;4;2;48;2;26;23;10m▆[38;2;32;29;14;48;2;4;4;2m▀[38;2;9;7;5;48;2;46;42;20m▃[38;2;35;32;12;48;2;58;51;23m▅[38;2;70;61;32;48;2;43;38;14m▀[38;2;56;51;24;48;2;79;70;40m▃[38;2;65;59;32;48;2;75;67;37m▂[38;2;78;69;39;48;2;62;56;28m▆[38;2;55;50;24;48;2;80;71;41m▔[38;2;97;84;52;48;2;68;61;32m▆[38;2;108;94;60;48;2;62;54;26m▅[38;2;87;74;42;48;2;56;46;19m▃[38;2;57;48;20;48;2;84;71;39m▀[38;2;104;90;57;48;2;70;62;35m▅[0m[7m[38;2;52;48;28m▗[0m            [0m
            [7m[38;2;3;3;2m▆[38;2;2;2;1m▅[38;2;4;4;3m▃[38;2;4;4;2m▁[0m[38;2;1;1;0;48;2;20;21;7m▁[38;2;8;12;3;48;2;35;32;12m▂[38;2;13;15;5;48;2;42;38;14m▁[38;2;40;35;11;48;2;57;51;24m▅[38;2;63;58;31;48;2;43;38;14m▀[38;2;47;40;14;48;2;74;66;38m▃[38;2;57;51;23;48;2;82;72;41m▃[38;2;65;58;29;48;2;97;85;52m▃[38;2;72;64;35;48;2;102;88;54m▃[38;2;37;40;19;48;2;111;97;62m▁[0m[7m[38;2;83;74;47m▂[0m[38;2;2;3;1m▘[0m            [0m
                  [38;2;2;3;1m▔[38;2;9;9;4m▔[7m[38;2;15;14;5m▆[38;2;17;15;6m▅[38;2;21;20;9m▅[38;2;30;28;12m▆[38;2;20;19;7m▆[0m[38;2;2;4;1m▔[0m              [0m
                                        [0m
                                        [0m
                                        [0m
                                        [0m
                                        [0m
[?25h'
}
